0	5000
1	4998
2	4993
3	4991
4	4986
5	4981
6	4981
7	4996
8	4993
9	4993
10	4989
11	4984
12	4989
13	4984
14	4979
15	4974
16	4974
17	4969
18	4964
19	4960
20	4955
21	4950
22	4945
23	4941
24	4941
25	4936
26	4931
27	4926
28	4923
29	4918
30	4918
31	4913
32	4908
33	4903
34	4898
35	4895
36	4890
37	4886
38	4881
39	4881
40	4876
41	4875
42	4870
43	4866
44	4861
45	4856
46	4851
47	4856
48	4851
49	4849
50	4844
51	4904
52	4899
53	4900
54	4905
55	4901
56	4896
57	4896
58	4913
59	4908
60	4903
61	4902
62	4897
63	4892
64	4890
65	4891
66	4886
67	4881
68	4876
69	4881
70	4876
71	4874
72	4889
73	4894
74	4889
75	4884
76	4882
77	4877
78	4872
79	4867
80	4863
81	4861
82	4876
83	4877
84	4875
85	4870
86	4875
87	4872
88	4870
89	4935
90	4945
91	4940
92	4935
93	4930
94	4935
95	4930
96	4925
97	4921
98	4916
99	4911
100	4906
101	4907
102	4904
103	4902
104	4898
105	4893
106	4893
107	4892
108	4888
109	4883
110	4878
111	4873
112	4868
113	4864
114	4859
115	4854
116	4853
117	4848
118	4843
119	4838
120	4836
121	4831
122	4826
123	4821
124	4816
125	4817
126	4812
127	4807
128	4802
129	4798
130	4793
131	4791
132	4786
133	4781
134	4776
135	4781
136	4781
137	4780
138	4775
139	4770
140	4765
141	4763
142	4758
143	4753
144	4750
145	4745
146	4746
147	4741
148	4736
149	4731
150	4729
151	4724
152	4719
153	4715
154	4710
155	4710
156	4705
157	4701
158	4701
159	4696
160	4691
161	4687
162	4688
163	4683
164	4683
165	4678
166	4673
167	4668
168	4669
169	4664
170	4659
171	4657
172	4652
173	4647
174	4642
175	4640
176	4636
177	4640
178	4636
179	4631
180	4626
181	4624
182	4624
183	4619
184	4614
185	4609
186	4606
187	4601
188	4596
189	4596
190	4592
191	4587
192	4582
193	4577
194	4572
195	4567
196	4562
197	4557
198	4557
199	4552
200	4547
201	4544
202	4539
203	4544
204	4539
205	4534
206	4530
207	4525
208	4521
209	4584
210	4579
211	4574
212	4569
213	4574
214	4571
215	4566
216	4563
217	4558
218	4553
219	4550
220	4545
221	4540
222	4541
223	4539
224	4534
225	4529
226	4524
227	4519
228	4520
229	4515
230	4510
231	4508
232	4503
233	4499
234	4494
235	4490
236	4488
237	4483
238	4478
239	4473
240	4471
241	4466
242	4461
243	4462
244	4457
245	4517
246	4516
247	4511
248	4508
249	4508
250	4504
251	4505
252	4505
253	4501
254	4502
255	4503
256	4501
257	4496
258	4494
259	4490
260	4487
261	4484
262	4484
263	4485
264	4480
265	4475
266	4470
267	4468
268	4464
269	4459
270	4454
271	4451
272	4446
273	4508
274	4503
275	4498
276	4493
277	4490
278	4486
279	4482
280	4477
281	4475
282	4470
283	4468
284	4466
285	4463
286	4458
287	4453
288	4454
289	4449
290	4444
291	4441
292	4436
293	4434
294	4431
295	4426
296	4421
297	4422
298	4418
299	4423
300	4418
301	4413
302	4408
303	4403
304	4401
305	4398
306	4393
307	4388
308	4383
309	4378
310	4374
311	4374
312	4374
313	4369
314	4374
315	4369
316	4367
317	4365
318	4365
319	4363
320	4358
321	4353
322	4358
323	4353
324	4349
325	4345
326	4340
327	4335
328	4333
329	4333
330	4328
331	4323
332	4321
333	4316
334	4311
335	4306
336	4302
337	4298
338	4296
339	4294
340	4294
341	4292
342	4308
343	4318
344	4319
345	4314
346	4311
347	4306
348	4301
349	4296
350	4291
351	4286
352	4281
353	4277
354	4272
355	4275
356	4270
357	4265
358	4260
359	4255
360	4250
361	4245
362	4240
363	4235
364	4240
365	4235
366	4235
367	4232
368	4237
369	4235
370	4230
371	4225
372	4220
373	4218
374	4213
375	4214
376	4212
377	4207
378	4204
379	4199
380	4197
381	4192
382	4187
383	4182
384	4177
385	4172
386	4175
387	4180
388	4175
389	4170
390	4165
391	4180
392	4178
393	4174
394	4175
395	4170
396	4165
397	4160
398	4159
399	4154
400	4149
401	4144
402	4139
403	4134
404	4129
405	4124
406	4119
407	4114
408	4112
409	4107
410	4102
411	4100
412	4095
413	4090
414	4085
415	4095
416	4093
417	4088
418	4083
419	4078
420	4138
421	4136
422	4132
423	4130
424	4131
425	4129
426	4127
427	4122
428	4120
429	4115
430	4112
431	4108
432	4103
433	4103
434	4104
435	4099
436	4094
437	4089
438	4086
439	4084
440	4079
441	4074
442	4079
443	4074
444	4070
445	4065
446	4061
447	4056
448	4057
449	4052
450	4050
451	4046
452	4061
453	4057
454	4052
455	4050
456	4048
457	4046
458	4044
459	4039
460	4037
461	4042
462	4039
463	4034
464	4039
465	4039
466	4038
467	4033
468	4029
469	4024
470	4019
471	4015
472	4016
473	4011
474	4010
475	4008
476	4006
477	4011
478	4007
479	4005
480	4005
481	4003
482	3998
483	3994
484	3995
485	3996
486	3992
487	3987
488	3982
489	3985
490	3980
491	3975
492	3970
493	3965
494	3970
495	4030
496	4045
497	4043
498	4039
499	4034
500	4029
501	4034
502	4029
503	4024
504	4019
505	4264
506	4260
507	4258
508	4253
509	4248
510	4243
511	4238
512	4235
513	4232
514	4227
515	4223
516	4219
517	4214
518	4209
519	4207
520	4273
521	4268
522	4283
523	4278
524	4279
525	4275
526	4272
527	4270
528	4265
529	4260
530	4255
531	4250
532	4245
533	4242
534	4243
535	4238
536	4233
537	4228
538	4223
539	4218
540	4213
541	4273
542	4271
543	4266
544	4261
545	4256
546	4251
547	4246
548	4241
549	4236
550	4231
551	4226
552	4231
553	4246
554	4241
555	4239
556	4234
557	4229
558	4224
559	4219
560	4214
561	4209
562	4204
563	4199
564	4196
565	4191
566	4186
567	4185
568	4184
569	4179
570	4174
571	4169
572	4164
573	4159
574	4157
575	4155
576	4150
577	4145
578	4142
579	4142
580	4137
581	4134
582	4129
583	4124
584	4119
585	4114
586	4115
587	4110
588	4105
589	4116
590	4111
591	4112
592	4108
593	4103
594	4118
595	4113
596	4112
597	4107
598	4102
599	4106
600	4101
601	4112
602	4117
603	4121
604	4119
605	4114
606	4109
607	4104
608	4105
609	4102
610	4100
611	4095
612	4090
613	4085
614	4080
615	4076
616	4071
617	4066
618	4061
619	4056
620	4061
621	4060
622	4055
623	4051
624	4046
625	4041
626	4036
627	4041
628	4036
629	4031
630	4026
631	4021
632	4019
633	4014
634	4010
635	4005
636	4006
637	4001
638	3996
639	3997
640	4012
641	4007
642	4002
643	4002
644	4000
645	3995
646	3990
647	3987
648	3982
649	3997
650	3995
651	3992
652	3990
653	3985
654	3983
655	3978
656	3973
657	3968
658	3963
659	3958
660	3953
661	3948
662	3948
663	3943
664	3939
665	3956
666	3957
667	3952
668	3957
669	4017
670	4012
671	4011
672	4006
673	4001
674	3996
675	3991
676	4007
677	4022
678	4025
679	4025
680	4020
681	4015
682	4011
683	4006
684	4001
685	3999
686	3999
687	3994
688	3989
689	3984
690	3981
691	3986
692	3981
693	3982
694	3983
695	3978
696	3988
697	3989
698	3986
699	3984
700	3979
701	3974
702	3972
703	3967
704	3963
705	3958
706	3953
707	3948
708	3943
709	3941
710	3937
711	3934
712	3929
713	3924
714	3919
715	3914
716	3910
717	3910
718	3908
719	3968
720	3963
721	3964
722	3965
723	3960
724	3955
725	3950
726	3948
727	3943
728	3938
729	3942
730	3943
731	3938
732	3933
733	3938
734	3933
735	3930
736	3925
737	3921
738	3916
739	3911
740	3906
741	3901
742	3896
743	3893
744	3888
745	3883
746	3879
747	3874
748	3869
749	3864
750	3859
751	3854
752	3999
753	4015
754	4010
755	4011
756	4006
757	4006
758	4001
759	4002
760	3997
761	3992
762	3988
763	3991
764	3986
765	3986
766	3981
767	3976
768	3975
769	3971
770	3971
771	3969
772	3984
773	3979
774	3976
775	3971
776	3967
777	4212
778	4207
779	4202
780	4197
781	4192
782	4189
783	4184
784	4182
785	4179
786	4189
787	4184
788	4179
789	4174
790	4169
791	4184
792	4179
793	4174
794	4169
795	4164
796	4160
797	4155
798	4150
799	4145
800	4140
801	4140
802	4157
803	4152
804	4147
805	4147
806	4167
807	4227
808	4222
809	4217
810	4212
811	4207
812	4203
813	4200
814	4195
815	4195
816	4191
817	4186
818	4181
819	4176
820	4171
821	4166
822	4161
823	4156
824	4151
825	4214
826	4215
827	4215
828	4210
829	4205
830	4206
831	4201
832	4205
833	4200
834	4215
835	4210
836	4205
837	4200
838	4195
839	4196
840	4193
841	4198
842	4197
843	4192
844	4187
845	4185
846	4182
847	4177
848	4172
849	4168
850	4163
851	4158
852	4157
853	4152
854	4147
855	4142
856	4137
857	4133
858	4128
859	4123
860	4124
861	4119
862	4117
863	4142
864	4139
865	4134
866	4129
867	4124
868	4119
869	4114
870	4109
871	4110
872	4108
873	4105
874	4100
875	4098
876	4096
877	4100
878	4095
879	4091
880	4086
881	4087
882	4093
883	4091
884	4088
885	4084
886	4079
887	4074
888	4072
889	4068
890	4069
891	4065
892	4061
893	4056
894	4051
895	4049
896	4044
897	4039
898	4034
899	4032
900	4027
901	4028
902	4023
903	4038
904	4034
905	4030
906	4031
907	4029
908	4024
909	4020
910	4018
911	4013
912	4011
913	4012
914	4012
915	4007
916	4002
917	3997
918	3993
919	3991
920	3986
921	3981
922	3976
923	3971
924	3966
925	3961
926	3956
927	3951
928	3946
929	3941
930	3936
931	3932
932	3927
933	3925
934	3920
935	3918
936	3913
937	3908
938	3903
939	3901
940	3896
941	3897
942	3893
943	3888
944	3883
945	3878
946	3881
947	3878
948	3873
949	3869
950	3864
951	3861
952	3861
953	3856
954	3852
955	3853
956	3848
957	3846
958	3842
959	3837
960	3832
961	3829
962	3824
963	3819
964	3814
965	3814
966	3812
967	3807
968	3802
969	3817
970	3812
971	3807
972	3802
973	3797
974	3792
975	3787
976	3783
977	3778
978	3777
979	3772
980	3767
981	3766
982	3766
983	3762
984	3757
985	3753
986	3748
987	3749
988	3750
989	3748
990	3743
991	3803
992	3798
993	3796
994	3791
995	3789
996	3789
997	3784
998	3779
999	3777
1000	3772
